1111111111 111111 1111111111111111 1161111111 1111111111, 11111111 111 111 111
11111111111111111111111111111111 1111111111, 11111 1311111111111111, Missa,
111111111111111111111); 1111111111111111111 111 1 1111111, 1111111111,
11111111 11111111111111111111111111), 111111 (11111111111111), 1111111 (1111111,
101. 1111111, 1111111111 111 (11111 (111111), 11111 (Q 1111111), 1111111111
(1111111), 111111 (11111111 111 111 11111 1111111),111111111111(111111141. 95. 98.
114, 1111111111. 1.), 11111111 (msericordias domini, 11111111), 11111111 (Missa),
11111111 (1111111 116. 126. 137), 11111111 (Missa), 611111111111111111111 1111111).

111111111111111 1111111 111 111 11111111111111611111111111 1111111111111
1111111111 11111 1111111111 111 111111 11. 1111111, 11111111 1111111 1111111111

· 11111111111611111111, 111111 11111 111 11111111111111111111 11 1111111111 111111

1111111111 11. 1118111111 11111111 1111111 1111 111111 11111. 1111111111 mut:
111 1111111111111 1111111111111111111, 111111111111111111, 111 6111111111111
1111 11111111111111111111111 1111111111, 111 1111111111111111111111111, 111
111111111111111111111, 11111111111111111, 111 1111111111 111111 111 111111111111111,
111111 111 61111111 111 mus decumanus, 11111 11111111, stn'x flammea, anguis fm-
gilis u. 1111 esculenta

111 111 1111111111 111 1111111111 (11111111 1111 111111111111111111111111 .
1111111111111111 11111

V.

1111111 111 smum

11111 1111111111 1111111111111111111 111 111111111111111111111 111111

1111111111 11111611111111 11 1111111111, 1111 11111111111111111, 1111111111

⁴ 11111 111111 111119111111111111 1111111111111111 11111111111111 111111111111
1111111111111 11 1111 δ1111111111 111 11111 1111111111 flu 11111111. 6111111111
1111111111111111 111111 1111111. 31111111 111 1111 11111111111111111 111
1111111111111111111161111111111111111111 1111111111 111 1111111111 3111111 111
111 6111111111 111 1111111111 11111111. 11111111 111111111111111111 1111111
6111111111 1111111111. 1111111111 11111 111 1111111111111111111111111111111111
1111111,111111111 11111 1111111111111111111111 11 11111111 111111 11111 111111
11111111 1111 1111 11111 11111111. .

11111111 111 1111111111 1111111 11111111 61111111111111111111111111 11 111
11111111 111 6111111111111111111111, 111111 111 1. 31111111 111111111111111111
1111111 1111111111, 111 1111111111111111 1111111111 111 11111111 111 1111111111
1111111111, 111 11111111 111111111111111111111 111111 1111111111111111111111111

1 m·

 

